version https://git-lfs.github.com/spec/v1
oid sha256:ac821f94c265da522c03ffc66c04219b2ff695b5d384f89478ff5d0cb5d615e8
size 1395
